608.1698703921013 109.31326019882712 321.2766126529464 222.3968041083317 549.087981640801 
97.54559520700776 353.19296610464016 317.2134562149646 141.96945640068392 595.8152870011841 
53.35087399366916 509.49632800052643 514.232167548648 148.15547773939102 545.2345655518565 
615.7662850547641 536.3846840275659 21.250194461157438 244.84925256069636 487.11782825585584 
260.20270973988715 556.8045757597047 145.79102466668823 604.0881200123943 96.59073424756124 
239.1861738338231 54.54858041260196 466.09387212418517 591.7224185827196 274.430920602715 
309.63075203049533 46.52989516911184 610.0535635738206 226.70765278595636 268.11335512403866 
134.62301321082157 282.8013583352857 408.3348427463926 593.1992989342242 535.135094560653 
230.48376079567475 469.4433361208059 326.3855553712417 47.008897918213194 118.11258721302487 
583.3788905576648 277.83091803624865 492.05065002691066 351.63422066693005 373.93809753972516 
418.51810918268194 414.7429066473596 74.21161829399723 480.5316291322881 107.80406302282783 
224.28155487043097 370.94139761615315 407.36847657150213 539.9522517833315 499.9307455013303 
140.599668317394 252.75493924923416 543.2405208171476 530.7893140231362 443.0105015771604 
264.6020712420303 415.23856292616813 111.06271579964347 280.6306362607048 118.23536629243412 
427.8483596212251 561.9340027335068 522.9443185449804 562.6005537930713 585.7017418254497 
501.1276837552442 432.26185192867996 30.95897822773253 571.5085452691824 31.260224346865712 
199.51581231948006 562.1665642599656 161.9491778062835 168.07087995418672 248.6485096174672 
328.63007685187216 547.7054359982619 79.6267034282132 218.18449402561126 617.0342360391313 
541.2232049117845 257.59538111652296 78.58195225681283 57.933704198983165 405.8008829463334 
91.67969751189254 593.9565459992322 50.30351884824025 389.59719693001387 68.30741271919874 
486.77164062743793 477.14178764238216 398.15220906714194 364.6701514821671 414.0886151018832 
358.21833037151083 189.01531061571887 359.20531601876286 613.9708747088149 236.0631248573588 
222.07382953483523 129.6145185887846 230.63550345228634 241.28825495816963 449.1760961539431 
359.5123716988697 476.9462626869961 533.33704324206 476.6426879813549 224.7994850259928 
142.84149282401268 162.75423193857011 484.2597021742569 180.85324321411235 308.29099573702297 
151.07090814005724 34.347468333557 521.6302896209695 469.3754055273308 534.397844637661 
454.49901059173686 531.7743125214356 236.08179893981395 466.8212518768322 427.58143472856625 
202.82293814500673 510.40953141533976 429.6943665479977 372.59438387995795 34.607608685789145 
603.3796790329355 342.91884100491217 149.97915431722006 592.9399859120191 499.54221090801127 
124.30964065821671 574.9722080602835 44.67868251754102 227.57438405863965 393.13722131177576 
