472.0692078230592 399.96201194076514 458.52438225287705 148.5407864742575 19.913517061464262 
266.2348252774672 394.55941508065723 52.83871972524916 473.71651988913845 494.40926012313565 
39.4749776311497 302.99252374496564 455.9237149561508 295.42060896057325 178.08971527779377 
366.564717954565 416.3152786652145 230.88776838515122 282.5044333036593 290.2219663418305 
249.06440974014293 435.4038454581282 271.38750760976967 304.7312445263728 460.36316564972276 
503.16371490785167 242.6796044519104 32.76983002664606 13.56915934054719 197.13208795049547 
369.1705384236953 20.25198080246814 103.82609916480384 263.9547761961217 271.4017405162374 
436.87577995698814 239.1112908621108 262.8166853346882 307.3471766480664 416.59289618779417 
129.66331917468358 441.44930029888576 343.3260134069969 133.70465964000675 12.74295717441081 
317.491043861525 195.60007628855445 335.28750449956596 164.6804724523481 248.40356466228957 
57.109236985181994 175.65077937349548 477.1623968756587 398.14695291667584 348.79789794541296 
323.53027854386545 99.71095513954303 133.8172415504491 59.9856399767174 437.7203871088191 
275.30922999505646 10.44907552843737 267.23518993533827 231.84814466861087 121.12524820448633 
127.186888494542 146.17081525501536 473.9922286034404 231.2879645223494 263.02753282172034 
415.70033588552786 391.850090820513 103.66848794116433 325.3376388588851 279.09375981011533 
79.1562378412413 17.619508873608073 269.34868300108826 51.37175878973959 124.05495143595346 
114.62609642156673 271.8330068423216 287.45708363550426 305.1303763470876 58.82098459117357 
67.16390487304207 350.54207232726003 325.79729093468865 279.3175501319563 478.9627733873053 
485.12527949919763 182.75555806570435 421.31346302344576 305.5366280514195 84.17050354503446 
389.2114044428315 257.9182905184646 342.3090163266165 464.84118398424334 398.56873803595727 
439.65800968941534 449.44741240552406 92.2633894625756 199.29346182214186 83.6097503649808 
197.89032574590314 315.7705143146474 176.65410898118483 329.11971222768386 251.97717733382123 
307.0827587755203 462.04173912627203 112.0574997286246 271.88405182514526 14.874551747238664 
115.5723946397118 34.55993407384061 244.06855478617013 75.1830843395117 112.6750380668059 
332.2175151580925 272.92673789594403 242.11096035360086 230.3683329678005 65.65661132697235 
491.8653697598805 28.276195258535523 53.929170554509675 288.4705610190078 376.99263068121803 
369.46270021387835 449.656233731041 68.45275299278856 371.63025944546666 252.92421819255077 
474.43160889863543 364.08478350911145 354.85041300362735 373.7950909018113 317.7836663635346 
383.2329993170401 112.24034534042032 509.0607080718968 497.154230883759 176.00627521942468 
92.09790936827594 423.5409991839671 152.073281820161 338.7283685943922 355.2611557713896 
